5476
5482
237561
294748
559299
1027996
1040604
1040605
1040606
1040607
1040608
1040609
1040610
1040611
1040612
1040613
1040614
1040615
1040616
1040617
1040618
1040619
1040620
1040621
1040622
1040623
1040624
1040625
1040626
1040627
1040628
1040629
1040630
1040631
1040632
1041952
1094981
1094982
1094983
1094984
1094985
1094986
1094987
1094988
1094989
1094990
1094991
1094992
1094993
1094994
1094995
1094996
1094997
1094998
1094999
1095000
1165368
1182531
1182532
1182533
1182534
1182535
1182536
1182537
1182538
1182539
1182540
1308523
1325634
1333669
1334023
1356448
1356449
1356450
1356451
1439353
1439354
1439355
1439356
1439357
1439358
1451121
1451122
1451123
1451124
1451125
1451126
1451127
1451128
1451129
1451130
1451131
1451132
