562
37762
83333
83334
126792
155864
168807
168927
183192
187176
199310
203254
203255
203256
203257
203258
216592
217992
244314
244315
244316
244317
244318
244319
244320
244321
244322
244323
244324
244325
244326
316385
316401
316407
316435
331111
331112
340184
340185
340186
340197
341037
344601
344610
358709
362663
364106
366836
366837
366838
366839
373045
376724
376725
381476
386585
397447
397448
397449
397450
397451
397452
397453
397454
399183
404387
404388
404389
404390
404391
404392
404393
404394
404395
404396
404397
404398
404399
404400
405955
409438
410290
413997
431946
439184
439855
444447
444448
444449
444450
444451
444452
444453
444454
469008
475609
478004
478005
478006
478007
478008
481805
482457
482458
488477
498388
502346
511145
511693
525281
526563
527799
531853
536056
539221
544404
550672
550673
550674
550675
550676
550677
550678
550679
550680
550681
550682
550683
550684
550685
550686
550687
550688
550689
550690
550691
556266
563770
566546
569579
570506
573235
574521
576791
577665
577666
577667
577668
577669
577670
577671
577672
577673
577674
577675
577676
577677
577678
580464
585034
585035
585055
585056
585057
585395
585396
585397
591946
595495
595496
626528
626529
626530
626531
626532
626533
626534
626535
626536
634468
634469
637388
637912
655817
656371
656372
656373
656374
656379
656380
656381
656382
656383
656384
656385
656386
656387
656388
656389
656390
656391
656392
656393
656394
656395
656396
656397
656398
656399
656400
656401
656402
656403
656404
656405
656406
656407
656408
656409
656410
656411
656412
656413
656414
656415
656416
656417
656418
656419
656420
656421
656422
656423
656424
656425
656426
656427
656428
656429
656430
656431
656432
656433
656434
656435
656436
656437
656438
656439
656440
656441
656442
656443
656444
656445
656446
656447
656448
656449
660582
662541
665033
668369
670887
670888
670889
670890
670891
670892
670893
670894
670895
670896
670897
670898
670899
670900
670901
670902
670903
670904
670905
670906
679202
679204
679205
679206
679207
679895
685037
685038
694514
694515
694516
694517
694518
694519
694520
694521
694522
694523
694524
694525
694526
694527
694528
694529
694530
694531
694532
696406
697893
697894
697895
697896
697897
697898
697899
697900
697901
697902
697903
701177
702430
702431
702432
702433
702434
702435
702436
714962
735324
735325
735326
735327
735328
735329
735330
741093
745156
749527
749528
749529
749530
749531
749532
749533
749536
749537
749538
749539
749540
749541
749542
749544
749545
749546
749547
749548
749549
749550
752783
752784
752785
752786
752787
752788
752789
752790
753642
754078
754079
754080
754081
754082
754083
754085
754086
754087
754088
754089
754090
754263
758829
758830
758831
758832
762608
766165
766166
767161
767162
767163
796392
861906
861907
861908
861909
861910
861911
866768
866789
868133
868134
868135
868136
868137
868138
868139
868140
868141
868142
868143
868144
868145
868146
868147
868148
868149
868150
868151
868152
868153
868154
868155
868156
868157
868158
868159
868160
868161
868162
868163
868164
868165
868166
868167
868168
868169
868170
868171
868172
868173
868174
868175
868176
868177
868178
868179
868180
868181
868182
868183
868184
868185
868186
868187
868188
868189
868190
868191
868192
868193
868194
868195
868196
868197
868198
868199
868200
868201
868202
868203
868204
868206
868207
868208
868209
868210
869669
869670
869671
869672
869673
869674
869675
869676
869677
869678
869679
869680
869681
869682
869683
869684
869685
869686
869687
869688
869689
869690
869691
869692
869693
869694
869695
869729
870963
879462
885275
885276
886670
910348
911660
911661
911662
911663
911664
911665
913087
913088
913089
913090
913091
926026
926027
926028
926029
926030
926032
930405
930406
930407
935868
935869
935870
941280
941322
941323
941435
945433
945434
991906
991907
991908
991909
991910
991911
991912
991913
991914
991915
991916
991917
991918
991919
991920
993513
996639
997600
997824
997825
1000560
1001988
1001989
1001990
1001991
1001992
1004153
1005396
1005397
1005398
1005399
1005400
1005401
1005402
1005403
1005404
1005405
1005406
1005407
1005408
1005410
1005411
1005412
1005413
1005414
1005415
1005416
1005418
1005419
1005420
1005421
1005422
1005423
1005424
1005430
1005431
1005432
1005433
1005434
1005435
1005436
1005437
1005438
1005439
1005440
1005441
1005442
1005443
1005444
1005445
1005446
1005447
1005448
1005449
1005450
1005451
1005452
1005453
1005454
1005455
1005456
1005457
1005458
1005459
1005460
1005461
1005462
1005463
1005464
1005465
1005466
1005467
1005468
1005469
1005470
1005471
1005472
1005473
1005474
1005475
1005476
1005477
1005478
1005479
1005480
1005481
1005482
1005483
1005484
1005485
1005486
1005487
1005488
1005489
1005490
1005491
1005492
1005493
1005494
1005495
1005496
1005497
1005498
1005499
1005500
1005501
1005502
1005503
1005504
1005505
1005506
1005507
1005508
1005509
1005510
1005511
1005512
1005513
1005514
1005515
1005516
1005517
1005518
1005519
1005520
1005521
1005522
1005523
1005524
1005526
1005527
1005528
1005529
1005530
1005531
1005532
1005533
1005534
1005535
1005536
1005537
1005538
1005539
1005540
1005541
1005542
1005543
1005544
1005545
1005546
1005547
1005548
1005549
1005550
1005551
1005552
1005553
1005554
1005555
1005556
1005557
1005558
1005559
1005560
1005561
1005562
1005563
1005564
1005565
1005566
1005567
1007065
1010795
1010796
1010797
1010798
1010799
1010800
1010801
1010802
1010803
1010804
1010805
1010806
1010807
1010808
1010809
1010810
1010811
1010812
1010813
1010814
1010815
1010816
1010817
1010818
1010819
1010820
1010821
1010822
1010823
1010824
1010825
1017021
1017022
1017023
1017024
1017025
1017026
1017027
1017028
1017029
1017030
1017031
1017032
1017033
1017034
1017035
1017036
1017037
1017038
1017039
1017040
1017041
1017042
1017043
1017044
1017045
1017046
1017047
1017048
1017049
1017050
1017051
1017052
1017053
1017261
1027269
1027414
1033813
1038844
1038927
1040638
1041524
1042803
1042804
1045010
1046240
1048254
1048256
1048259
1048265
1048266
1048334
1048335
1048689
1048765
1050617
1051346
1051347
1051348
1051349
1051350
1051351
1051352
1051353
1052677
1054461
1054480
1055533
1055534
1055535
1055536
1055537
1055538
1055539
1055540
1055541
1055542
1055543
1055544
1055545
1068608
1068614
1068615
1068616
1068617
1068618
1068619
1068620
1068621
1068622
1068623
1068624
1069495
1069643
1069645
1072458
1072459
1073841
1073985
1078021
1078029
1078030
1078031
1078032
1078033
1078034
1078035
1081887
1081888
1081889
1081890
1081891
1081892
1081893
1081894
1081895
1081896
1089445
1090926
1090927
1090928
1090929
1090930
1090931
1090932
1090933
1090934
1090935
1090936
1090937
1090940
1094509
1094975
1095705
1095706
1095707
1095708
1095709
1095710
1095711
1095712
1095713
1095714
1095718
1095719
1095720
1095721
1095722
1095723
1097579
1101440
1105330
1109442
1110506
1110507
1110508
1110693
1112008
1115653
1115997
1115998
1115999
1116000
1116001
1116002
1116003
1116004
1116005
1116006
1116007
1116008
1116009
1116010
1116011
1116012
1116013
1116014
1116015
1116016
1116017
1116018
1116019
1116020
1116021
1116022
1116023
1116024
1116025
1116026
1116027
1116028
1116029
1116030
1116031
1116032
1116033
1116034
1116035
1116036
1116037
1116038
1116039
1116040
1116041
1116042
1116043
1116044
1116045
1116046
1116047
1116048
1116049
1116050
1116051
1116052
1116053
1116054
1116055
1116056
1116057
1116058
1116059
1116060
1116061
1116062
1116063
1116064
1116065
1116066
1116067
1116068
1116069
1116070
1116071
1116072
1116073
1116074
1116075
1116076
1116077
1116078
1116079
1116080
1116081
1116082
1116083
1116084
1116085
1116086
1116087
1116088
1116089
1116090
1116091
1116092
1116093
1116094
1116095
1116096
1116097
1116098
1116099
1116100
1116101
1116102
1116103
1116104
1116105
1116106
1116107
1116108
1116109
1116110
1116111
1116112
1116113
1116114
1116115
1116116
1116117
1116118
1116119
1116120
1116121
1116122
1116123
1116124
1116125
1116126
1116127
1116128
1116129
1116130
1116131
1116132
1116133
1116134
1116135
1116136
1116137
1116138
1116139
1116140
1116141
1116142
1116143
1116144
1116145
1116146
1116147
1116148
1116149
1116150
1116151
1116152
1116153
1116154
1116155
1116156
1116157
1116158
1116159
1116160
1116161
1116162
1116163
1116164
1116165
1116166
1116167
1116168
1116169
1116170
1116171
1116172
1116173
1116174
1116175
1116176
1116177
1116178
1116179
1116180
1116181
1116182
1116183
1116184
1116185
1116186
1116187
1116188
1116189
1116190
1116191
1116192
1116193
1116194
1116471
1117111
1124984
1124985
1124986
1124987
1124988
1124989
1125634
1125635
1125636
1125637
1125638
1125639
1125640
1125641
1125642
1125643
1125644
1125645
1125646
1125647
1125648
1125649
1125650
1125651
1125652
1126888
1126889
1126890
1126891
1126892
1126893
1126894
1126895
1126896
1126897
1126898
1126899
1126900
1126901
1126902
1126903
1126904
1126905
1126906
1126907
1126908
1126909
1126910
1126911
1126912
1126913
1126914
1126915
1126916
1126917
1126918
1126919
1126920
1126921
1126922
1126923
1126924
1126925
1126926
1126927
1126928
1126929
1126930
1126931
1126932
1126933
1126934
1126935
1126936
1126937
1127123
1127124
1127125
1127126
1127356
1128597
1133852
1133853
1134453
1134782
1136137
1136217
1136218
1137135
1144302
1144303
1147163
1147164
1147165
1147166
1147167
1147168
1147169
1147170
1147171
1147172
1147173
1147174
1147175
1147176
1147177
1147178
1147179
1147180
1147181
1147182
1147183
1147184
1147185
1147186
1147187
1147188
1147189
1147190
1147191
1147192
1147193
1147194
1147195
1147196
1147197
1147198
1147199
1147200
1147201
1147202
1147203
1147204
1147205
1147206
1147207
1147208
1147209
1147210
1147211
1147212
1147213
1147214
1147215
1147216
1147217
1147218
1147219
1147220
1147221
1147222
1147223
1147224
1147225
1147226
1147227
1147228
1147229
1147230
1147231
1147232
1147233
1150869
1151213
1151214
1151215
1151216
1151217
1151218
1151219
1151220
1151221
1151222
1151223
1151224
1151225
1151226
1151227
1151228
1151229
1151230
1151231
1151232
1151233
1151234
1151235
1151236
1151237
1151238
1151239
1151240
1151241
1151242
1151243
1151244
1151245
1151246
1151247
1151248
1151249
1151250
1151251
1155724
1155725
1155726
1155727
1155728
1155729
1155730
1155731
1155732
1155733
1155734
1155735
1157950
1162728
1162729
1163386
1163390
1163391
1163738
1165939
1165940
1165941
1165942
1165943
1165944
1165945
1165946
1165947
1165949
1165950
1165951
1165952
1165953
1167693
1167694
1169315
1169316
1169317
1169318
1169320
1169323
1169324
1169325
1169326
1169327
1169328
1169329
1169330
1169332
1169333
1169334
1169335
1169336
1169337
1169338
1169339
1169340
1169341
1169342
1169343
1169344
1169345
1169346
1169347
1169348
1169351
1169352
1169353
1169354
1169355
1169356
1169357
1169358
1169359
1169360
1169361
1169362
1169363
1169364
1169365
1169366
1169367
1169368
1169369
1169370
1169371
1169372
1169373
1169374
1169375
1169376
1169377
1169378
1169379
1169380
1169381
1169382
1169383
1169384
1169385
1169386
1169387
1169388
1169389
1169390
1169391
1169392
1169393
1169394
1169395
1169396
1169397
1169398
1169399
1169400
1169401
1169402
1169403
1169404
1169663
1169664
1169862
1169863
1173689
1173690
1176728
1181724
1181725
1181726
1181727
1181728
1181729
1181730
1181731
1181732
1181733
1181734
1181735
1181736
1181737
1181738
1181739
1181740
1181741
1181742
1181743
1181744
1181745
1181746
1181747
1181748
1181749
1181750
1181751
1181752
1181753
1181754
1181755
1181756
1181757
1181758
1181759
1181760
1181761
1181762
1181763
1181764
1181765
1181766
1181767
1181768
1181769
1181770
1181771
1181772
1181773
1181774
1181775
1181776
1181777
1181778
1181779
1181780
1181781
1181782
1182653
1182654
1182655
1182656
1182657
1182658
1182660
1182661
1182662
1182663
1182664
1182665
1182666
1182667
1182668
1182669
1182670
1182671
1182672
1182673
1182674
1182675
1182676
1182677
1182678
1182679
1182680
1182681
1182682
1182683
1182684
1182685
1182686
1182687
1182688
1182689
1182690
1182691
1182692
1182693
1182694
1182696
1182698
1182699
1182700
1182701
1182702
1182703
1182704
1182705
1182706
1182707
1182708
1182709
1182710
1182711
1182712
1182713
1182714
1182715
1182716
1182717
1182718
1182719
1182720
1182721
1182722
1182723
1182724
1182725
1182726
1182727
1182728
1182729
1182730
1182731
1182733
1182734
1182735
1182736
1182737
1182738
1196033
1197131
1197707
1197708
1200752
1202452
1204723
1204724
1206108
1206746
1207035
1207036
1207037
1207038
1207540
1207541
1208340
1210455
1211845
1213735
1213736
1219372
1220532
1225803
1225804
1227813
1227814
1229757
1230480
1232150
1232151
1232152
1232153
1232154
1235805
1236522
1236524
1236527
1240347
1240373
1240374
1240375
1240376
1240377
1240378
1240379
1240380
1240381
1240382
1240383
1240384
1240385
1240386
1240387
1240388
1240758
1240759
1240760
1240761
1240762
1240763
1240764
1240765
1240766
1240767
1240768
1240769
1240770
1240771
1240772
1240773
1240774
1240775
1240776
1240777
1240778
1240779
1241934
1243649
1244509
1245474
1246622
1246623
1248823
1248902
1248903
1248915
1255037
1255577
1258567
1258580
1261392
1263075
1266749
1266750
1266751
1266752
1266753
1266754
1266755
1266756
1266757
1268238
1268668
1268975
1268976
1268977
1268978
1268979
1268980
1268981
1268982
1268983
1268984
1268985
1268986
1268987
1268988
1268989
1268990
1268991
1268992
1268993
1268994
1268995
1268996
1268997
1268998
1268999
1269000
1269001
1269002
1269003
1269004
1269005
1269007
1269008
1269009
1269010
1273738
1274814
1274865
1274866
1274867
1274868
1274869
1274870
1274871
1274872
1274873
1274874
1274875
1274876
1274877
1274878
1274879
1274880
1274881
1274882
1274883
1274884
1274885
1274886
1274887
1274888
1274889
1274890
1274891
1274892
1274893
1274894
1274895
1274896
1274897
1274898
1274899
1274900
1274901
1274902
1274903
1274904
1274905
1274906
1274907
1274908
1274909
1274910
1274911
1274912
1274913
1274914
1274915
1274916
1274917
1274918
1274919
1274920
1274921
1274922
1274923
1274924
1275964
1280937
1280956
1280957
1280958
1280959
1280960
1280961
1280962
1280963
1280964
1280965
1280966
1280967
1280968
1280969
1280970
1280971
1280972
1280973
1280974
1280975
1280976
1280977
1280978
1280979
1280980
1280981
1280982
1280983
1280984
1280985
1280986
1280987
1280988
1280989
1280990
1280991
1280992
1280993
1280994
1280995
1280996
1280997
1280998
1280999
1281000
1281001
1281002
1281003
1281004
1281005
1281006
1281007
1281008
1281009
1281010
1281011
1281012
1281013
1281014
1281015
1281016
1281017
1281018
1281019
1281020
1281021
1281022
1281023
1281024
1281025
1281026
1281027
1281028
1281029
1281030
1281031
1281032
1281033
1281034
1281035
1281036
1281037
1281038
1281039
1281040
1281041
1281042
1281043
1281044
1281045
1281046
1281047
1281048
1281049
1281050
1281051
1281052
1281053
1281054
1281055
1281056
1281057
1281058
1281059
1281060
1281061
1281062
1281063
1281064
1281065
1281066
1281067
1281068
1281069
1281070
1281071
1281072
1281073
1281074
1281075
1281076
1281077
1281078
1281079
1281080
1281081
1281082
1281083
1281084
1281085
1281086
1281087
1281088
1281089
1281090
1281091
1281092
1281093
1281094
1281095
1281096
1281097
1281098
1281099
1281100
1281101
1281102
1281103
1281104
1281105
1281106
1281107
1281108
1281109
1281110
1281111
1281112
1281113
1281114
1281115
1281116
1281117
1281118
1281119
1281120
1281121
1281122
1281123
1281124
1281125
1281126
1281127
1281128
1281129
1281130
1281131
1281132
1281133
1281134
1281135
1281136
1281137
1281138
1281139
1281140
1281141
1281142
1281143
1281144
1281145
1281146
1281147
1281148
1281149
1281150
1281151
1281152
1281153
1281154
1281155
1281156
1281157
1281158
1281159
1281160
1281161
1281162
1281163
1281164
1281165
1281166
1281167
1281168
1281169
1281170
1281171
1281172
1281173
1281174
1281175
1281176
1281177
1281178
1281179
1281180
1281181
1281182
1281183
1281184
1281185
1281186
1281187
1281188
1281189
1281190
1281191
1281192
1281193
1281194
1281195
1281196
1281197
1281198
1281199
1281200
1281201
1281202
1281203
1281204
1281205
1281206
1281207
1281208
1281209
1281210
1281211
1281212
1281213
1281214
1281215
1281216
1281217
1281218
1281219
1281220
1281221
1281222
1281223
1281224
1281225
1281226
1281227
1281228
1281229
1281230
1281231
1281232
1281233
1281234
1281235
1281236
1281237
1281238
1281239
1281240
1281241
1281242
1281243
1281244
1281245
1281246
1281247
1281248
1281249
1281250
1281251
1281252
1281253
1281254
1281255
1281256
1281257
1281258
1281259
1281260
1281261
1281262
1281263
1281264
1281265
1281266
1281267
1281268
1281269
1281270
1281271
1281272
1281273
1281274
1281275
1281276
1281277
1281278
1281279
1281747
1282359
1284382
1286168
1286329
1286330
1286331
1286332
1286333
1286334
1286335
1286336
1286337
1286338
1286339
1286340
1286341
1286342
1286343
1286344
1286345
1286346
1286347
1286348
1286349
1286350
1286351
1286352
1286353
1286354
1286819
1286845
1286877
1297619
1297620
1302237
1303172
1303173
1303174
1303175
1303176
1305850
1306398
1306399
1308540
1308667
1308668
1308669
1308670
1308671
1308672
1308673
1308674
1308675
1308676
1308677
1308678
1308679
1308680
1308681
1308682
1308683
1308981
1308982
1308983
1308984
1311757
1311758
1314835
1314840
1314841
1314842
1314845
1314847
1314848
1317130
1317131
1318715
1322345
1327978
1328432
1328433
1328434
1328435
1328436
1328437
1328438
1328439
1328440
1328441
1328442
1328443
1328444
1328445
1328446
1328447
1328448
1328449
1328450
1328859
1329907
1330457
1330526
1330527
1330528
1330529
1330530
1331061
1331062
1331063
1331064
1331065
1331066
1332189
1333535
1333536
1333537
1333587
1333588
1333589
1333590
1333591
1333592
1333593
1333594
1333595
1333596
1333597
1334188
1335302
1335303
1335304
1335916
1336202
1336205
1336206
1337384
1337385
1337997
1340750
1340850
1343836
1354003
1355025
1355026
1355027
1355028
1355029
1355030
1355031
1355032
1355033
1355034
1355035
1355036
1355037
1355038
1355039
1355040
1355041
1355042
1355043
1355044
1355045
1355046
1355047
1355048
1355049
1355050
1355051
1355052
1355053
1355054
1355055
1355056
1355057
1355058
1355059
1355060
1355061
1355062
1355063
1355064
1355065
1355066
1355067
1355068
1355069
1355070
1355071
1355072
1355073
1355074
1355075
1355076
1355077
1355078
1355079
1355080
1355081
1355082
1355083
1355084
1355085
1355086
1355087
1355088
1355089
1355090
1355091
1355092
1355093
1355094
1355095
1355096
1355097
1355098
1355099
1355100
1355101
1355102
1355103
1355104
1355105
1355106
1355107
1355108
1355109
1355110
1355111
1355112
1355113
1355114
1355115
1355116
1355117
1355118
1355119
1355120
1355121
1355122
1355123
1355124
1355125
1355126
1355127
1355128
1355129
1358334
1358335
1358336
1358337
1358338
1358339
1358340
1358341
1358342
1358343
1358344
1358345
1358346
1358347
1358348
1358349
1358350
1358351
1358352
1358353
1358354
1358355
1358356
1358357
1358358
1358359
1358360
1358361
1358362
1358363
1358364
1358365
1358366
1358367
1358368
1358369
1358370
1358371
1358372
1358373
1358374
1358375
1358376
1358377
1358378
1358379
1358380
1358381
1358382
1358383
1358384
1358385
1358386
1358387
1358388
1358389
1358390
1358391
1358392
1358393
1358394
1358395
1358396
1358397
1358398
1358399
1358400
1358401
1358402
1358403
1358404
1358405
1358406
1358407
1358408
1358409
1358422
1359207
1365258
1365259
1365260
1365261
1365262
1370106
1370107
1382700
1385755
1387069
1387070
1387071
1387072
1388736
1388737
1388738
1389416
1389417
1389418
1389419
1389420
1389423
1389424
1389425
1389955
1392006
1392847
1392848
1392849
1392850
1392851
1392852
1392853
1392854
1392855
1392856
1392857
1392858
1392859
1392860
1392861
1392862
1392863
1392864
1392865
1392866
1392867
1392868
1392869
1392870
1392871
1392872
1392873
1392874
1399011
1399012
1399013
1399014
1399015
1400021
1400022
1400023
1400024
1400156
1400157
1400158
1400159
1401688
1401689
1403831
1403943
1403944
1404261
1404262
1405292
1405293
1405294
1405295
1406817
1406818
1406819
1406820
1406821
1407067
1408252
1408253
1409786
1409951
1409953
1411081
1411645
1411691
1411692
1411693
1411694
1411695
1411696
1411697
1411698
1412815
1412816
1412817
1412818
1412819
1412820
1412821
1412822
1412823
1412824
1412825
1412826
1412827
1412828
1412829
1412830
1412831
1412832
1412833
1412834
1412835
1412836
1412837
1412838
1412839
1416027
1416028
1416030
1416031
1416670
1416671
1416672
1416673
1416674
1416675
1416676
1417796
1420014
1425342
1427360
1427361
1431454
1432548
1432549
1432551
1432555
1432557
1432559
1432560
1433129
1433131
1435461
1438668
1438669
1438670
1438671
1438672
1438673
1438674
1438675
1438676
1438677
1438678
1438679
1438680
1438681
1438682
1438683
1438684
1438685
1438686
1438687
1438688
1438689
1438690
1438691
1438692
1438693
1438694
1438695
1438696
1441627
1444036
1444037
1444038
1444039
1444040
1444041
1444042
1444043
1444044
1444045
1444047
1444048
1444049
1444050
1444051
1444052
1444053
1444054
1444055
1444056
1444057
1444058
1444059
1444060
1444061
1444062
1444063
1444064
1444065
1444066
1444067
1444068
1444069
1444070
1444071
1444072
1444073
1444074
1444075
1444076
1444077
1444078
1444079
1444080
1444081
1444082
1444083
1444084
1444085
1444086
1444087
1444088
1444089
1444090
1444091
1444092
1444093
1444094
1444095
1444096
1444097
1444098
1444099
1444100
1444101
1444102
1444103
1444104
1444105
1444106
1444107
1444108
1444109
1444110
1444111
1444112
1444113
1444114
1444115
1444116
1444117
1444118
1444119
1444120
1444121
1444122
1444123
1444124
1444125
1444126
1444127
1444128
1444129
1444130
1444131
1444132
1444133
1444134
1444135
1444136
1444137
1444138
1444139
1444140
1444141
1444142
1444143
1444144
1444145
1444146
1444147
1444148
1444149
1444150
1444151
1444152
1444153
1444154
1444155
1444156
1444157
1444158
1444159
1444160
1444161
1444162
1444163
1444164
1444165
1444166
1444167
1444168
1444169
1444170
1444171
1444172
1444173
1444174
1444175
1444176
1444177
1444178
1444179
1444180
1444181
1444182
1444183
1444184
1444185
1444186
1444187
1444188
1444189
1444190
1444191
1444192
1444193
1444194
1444195
1444196
1444197
1444198
1444199
1444200
1444201
1444202
1444203
1444204
1444205
1444206
1444207
1444208
1444209
1444210
1444211
1444212
1444213
1444214
1444215
1444216
1444217
1444218
1444219
1444220
1444221
1444222
1444223
1444224
1444225
1444226
1444227
1444228
1444229
1444230
1444231
1444232
1444233
1444234
1444235
1444236
1444237
1444238
1444239
1444240
1444241
1444242
1444243
1444244
1444245
1444246
1444247
1444248
1444249
1444250
1444251
1444252
1444253
1444254
1444255
1444256
1444257
1444258
1444259
1444260
1444261
1444262
1444263
1444264
1444265
1444266
1444267
1444268
1444269
1444270
1444271
1444272
1444273
1444274
1444275
1444276
1444277
1444278
1444279
1444280
1444281
1444282
1445862
1445863
1446489
1446490
1446497
1446498
1446499
1446500
1446501
1446502
1446503
1446504
1446505
1446506
1446507
1446508
1446509
1446510
1446511
1446512
1446513
1446514
1446515
1446516
1446517
1446518
1446519
1446520
1446521
1446522
1446523
1446524
1446525
1446526
1446527
1446528
1446529
1446530
1446531
1446532
1446533
1446534
1446535
1446536
1446537
1446538
1446539
1446540
1446541
1446542
1446543
1446544
1446545
1446546
1446547
1446548
1446549
1446550
1446551
1446552
1446553
1446554
1446555
1446556
1446557
1446558
1446559
1446560
1446561
1446562
1446563
1446564
1446565
1446566
1446567
1446568
1446569
1446570
1446571
1446572
1446573
1446574
1446575
1446576
1446577
1446578
1446579
1446580
1446581
1446582
1446583
1446584
1446585
1446586
1446587
1446588
1446589
1446590
1446591
1446592
1446593
1446594
1446595
1446596
1446597
1446598
1446599
1446600
1446601
1446602
1446603
1446604
1446605
1446606
1446607
1446608
1446609
1446610
1446611
1446612
1446613
1446614
1446615
1446616
1446617
1446618
1446619
1446620
1446621
1446622
1446623
1446624
1446625
1446626
1446627
1446628
1446629
1446630
1446631
1446632
1446633
1446634
1446635
1446636
1446637
1446638
1446639
1446640
1446641
1446642
1446643
1446644
1446645
1446646
1446647
1446648
1446649
1446650
1446651
1446652
1446653
1446654
1446655
1446656
1446657
1446658
1446659
1446660
1446661
1446662
1446663
1446664
1446665
1446666
1446667
1446668
1446669
1446670
1446671
1446672
1446673
1446674
1446675
1446676
1446677
1446678
1446679
1446680
1446681
1446682
1446683
1446684
1446685
1446686
1446687
1446688
1446689
1446690
1446691
1446692
1446693
1446694
1446695
1446696
1446697
1446698
1446699
1446700
1446701
1446702
1446703
1446704
1446705
1446706
1446707
1446708
1446709
1446710
1446711
1446712
1446713
1446714
1446715
1446716
1446717
1446718
1446719
1446720
1446721
1446722
1446723
1446724
1446725
1446726
1446727
1446728
1446729
1446730
1446731
1446732
1446733
1446734
1446735
1446736
1446737
1446738
1446739
1446740
1446741
1446742
1446743
1446744
1446745
1446746
1446747
1446748
1446749
1446750
1446751
1446752
1446753
1446754
1446755
1446756
1446757
1446758
1446759
1446760
1446761
1446762
1446763
1446764
1446765
1446766
1446767
1446768
1450173
1450174
1450175
1450177
1450427
1450428
1450429
1450430
1450431
1450432
1450433
1450434
1450435
1450436
1450437
1450438
1450517
1451264
1452720
1453472
1454383
1455597
1455598
1455599
1455600
1455601
1457192
1457300
1458706
1458844
1476562
1476563
1476564
1481455
1481456
1498172
1502658
1508671
1508672
1508673
1508674
1508675
1508676
1508677
1508678
1508679
1508680
1508681
1508682
1508683
1508684
1527506
1555202
1581707
1598146
1603259
1604876
1619910
1636202
1639631
1655305
1655307
1655314
1774508
1789664
1813772
1813775
1868622
1897443
1954351
1963779
1963780
1963781
1963782
1963783
1963784
1963785
2023138
2027293
2027294
2027295
2027296
2027297
2027298
2048775
2048776
2048777
2048778
2048779
2048780
2048781
2053193
2056315
2067420
2067421
2067422
2067423
2067424
2067425
2067426
2067427
2067428
2067429
2067430
2067431
2067432
2072452
2072453
2072454
2072455
2072456
2072457
2072458
2072459
2072460
2072461
2072462
2072463
2079151
2079152
2079153
2079154
2079155
2079156
2079157
2079158
2079159
2079160
2079161
2079162
2079163
2079164
2079165
2079279
2083276
2100480
2100481
2100482
2100483
2100484
2100485
2100486
2100487
2100488
2100489
2100490
2100491
2100492
2100493
2100494
2100495
2100496
2100497
2100498
2100499
2100500
2100501
2100502
2100503
2100504
2100505
2100506
2100507
2100508
2100509
2100510
2100511
2100512
2100513
2100514
2100515
2100516
2100517
2100518
2100519
2100520
2100521
2126819
2126982
2162909
2162910
2162911
2162912
2162913
2162914
2162915
2162916
2162917
2162918
2170723
2170724
2170725
2170726
2170727
2170736
2170737
2184071
2184072
2184073
2184074
2184075
2233553
2234096
2234097
2234098
2234099
2234129
2293846
2301650
2315628
2364650
2491679
2491680
2491681
2491682
2491683
2491684
2491685
2491686
2491687
2491688
2491689
2491690
2491691
2491692
2491693
2491694
2491695
2491696
2491697
2491698
2491870
2491871
2491872
2491873
2491874
2491875
2491876
2491877
2491878
2496549
2582420
2592065
2603286
2603287
2603836
2605619
2605620
2654673
2679905
2697517
2703653
2735160
2763104
2769805
2769806
2773704
2773705
2773706
2773707
2778652
2778653
2778654
2778655
2778656
2778657
2799623
2802025
2802026
2802027
2802028
2802029
2802030
2802031
2802032
2802033
2802034
2802035
2802036
2802037
2802038
2809254
2809255
2809256
2809257
2809258
2810404
2810405
2810406
2810407
2810408
2810409
2814546
2821264
2821265
2821266
2821267
2821268
2822132
2848143
2848144
2848145
2851033
2854732
2854733
2861805
2861806
2865932
2874051
2874052
2874053
2875935
2899430
2916706
2916707
2916708
2916709
2916710
2916711
2916712
2916713
2916714
2916715
2916716
2916717
2916718
2916719
2916720
2916721
2916722
2916723
2916724
2916725
2932261
2944632
2953244
2969654
2983820
2990469
2990470
2990471
2994753
2994754
2994755
3002857
3033940
3038101
3038102
3038103
3038104
3038105
3038106
3038107
3038108
3038109
3038110
3038111
3038112
3038113
3038114
3038115
3038116
3038117
3038118
3038119
3038394
3039823
3041057
3050626
3050627
3050628
3050629
3050630
3053913
3059267
3059268
3059269
3060857
3060858
3060859
3060860
3060861
3060862
3060863
3060864
3060865
3060867
3060868
3060869
3060870
3060871
3060872
3060873
3060874
3060875
3060876
3060877
3060878
3060879
3060880
3060881
3060882
3060883
3060884
3060885
3060886
3060887
3060888
3060889
3060890
3060891
3060892
3060893
3060894
3060895
3060896
3060897
3060898
3060899
3060900
3060901
3060902
3060903
3060904
3060905
3060906
3060907
3060908
3060909
3060910
3060911
3060913
3060914
3060916
3060917
3060918
3060919
3060920
3060921
3060922
3060923
3060924
3060925
3060926
3060927
3060928
3065859
3065860
3075678
3078806
3081688
3083271
3092520
3092521
3092522
3092523
3092524
3092525
3092526
3092527
3122198
3122202
3122203
3122204
3123223
3123224
3126079
3126477
3127054
3128925
3128926
3128927
3128928
3128929
3128930
3129138
3132876
3132877
3132878
3132879
3132880
3132881
3132882
3132883
3132884
3132885
3132886
3132887
3132888
3132889
3132890
3132891
3132892
3132893
3132894
3132895
3132896
3132897
3132898
3132899
3132900
3132901
3132902
3132903
3132904
3132905
3132906
3132907
3132908
3132909
3132910
3132911
3132912
3132913
3132914
3132915
3132916
3132917
3134115
3134938
3134939
3134940
3134941
3134942
3134943
3134944
3136210
3136211
3136212
3136213
3136214
3136215
3136747
3136748
3136749
3137373
3137374
3138925
3141426
3141427
3142449
3144794
3144795
3144796
3144797
3149201
3151642
3157965
3157966
3157967
3157968
3158621
3158622
3158623
3162779
3162780
3162781
3229825
3230391
3239392
3239393
3245755
3294366
3317308
3317309
3342570
3342571
3344536
3344537
3344538
3344539
3344540
3344541
3344542
3344543
3344544
3344545
3344546
3344547
