5833
5834
5835
5836
5837
5838
5839
5840
5841
5842
5843
5845
5846
5847
5848
33631
36329
57265
57266
57267
57268
57269
57270
57276
70150
70151
70152
70154
132416
137071
186763
478859
478860
478861
478862
478863
478864
580058
580059
685969
685970
871275
871276
871277
871278
871279
871280
871281
871282
871283
871284
871285
871286
871287
871288
871289
871290
871291
871292
871293
871294
871295
871296
871297
871298
871299
1036723
1036724
1036725
1036726
1036727
1050250
1050251
1050252
1050253
1050254
1050255
1050256
1050257
1050258
1050259
1107493
1107494
1107495
1107496
1107497
1107498
1107499
1107500
1107501
1107502
1107503
1107504
1107505
1107506
1107507
1107508
1107509
1107510
1107511
1107512
1226408
1226409
1226410
1226411
1226412
1226413
1226414
1226415
1226416
1226417
1226418
1226419
1226420
1226421
1226422
1226423
1226424
1226425
1226426
1226427
1226428
1226429
1226430
1226431
1226432
1226433
1226434
1226435
1226436
1226437
1226438
1226439
1226440
1226441
1226442
1226443
1226444
1226445
1226446
1226447
1226448
1226449
1226450
1226451
1226452
1226453
1226454
1226455
1226456
1226457
1226458
1226459
1226460
1226461
1226462
1226463
1226464
1226465
1226726
1237627
1245012
1245013
1245014
1245015
1245016
1245017
1245018
1245019
1245020
1245021
1245022
1245023
