1 12590 0.758908 0.684293
2 10832 0.500783 0.459095
4 10708 0.363877 0.278997
8 11695 0.243482 0.194997
16 12293 0.166484 0.129317
32 12182 0.122118 0.0938135
64 12788 0.0844813 0.0647849
128 13187 0.0596651 0.0457014
256 12931 0.0422177 0.0324834
512 12624 0.0298941 0.0229402
1024 11955 0.0211128 0.0161487
2048 11573 0.0149551 0.0114306
4096 10820 0.010578 0.0081568
8192 10169 0.0074368 0.00576652
16384 17084 0.00524419 0.00399392
32768 25081 0.00367845 0.00283377
65536 29378 0.00266262 0.00204002
131072 31137 0.00189926 0.00145175
262144 29275 0.00134433 0.00102946
524288 26080 0.000930009 0.000709818
1048576 22692 0.000659625 0.000504942
2097152 19197 0.000466493 0.000354222
4194304 17572 0.000328071 0.00025186
8388608 16331 0.000229955 0.000175453
16777216 12290 0.000160304 0.00012301
33554432 9092 0.000110664 8.55947e-05
67108864 6014 7.23735e-05 5.60546e-05
134217728 1279 5.23909e-05 3.90628e-05
